#Coordinates
REACT_APP_LAT=-32.88629277527126
REACT_APP_LONG=-68.86152611243095
